0 , 452240
1 , 2183
2 , 1005
3 , 693
4 , 990
5 , 390
6 , 268
7 , 264
8 , 337
9 , 843
10 , 379
11 , 68
12 , 208
13 , 250
14 , 290
15 , 252
16 , 148
17 , 174
18 , 190
19 , 127
20 , 3
21 , 4
22 , 164
23 , 56
24 , 326
25 , 73
26 , 1
27 , 271
28 , 0
29 , 193
30 , 86
31 , 51
32 , 52
33 , 25
34 , 287
35 , 301
36 , 55
37 , 186
38 , 47
39 , 26
40 , 59
41 , 124
42 , 155
43 , 76
44 , 113
45 , 34
46 , 5
47 , 137
48 , 76
49 , 0
50 , 416
51 , 6
52 , 1
53 , 3
54 , 2
55 , 0
56 , 0
57 , 1
58 , 0
59 , 1
60 , 425
61 , 1
62 , 101
63 , 79
64 , 9
65 , 0
66 , 35
67 , 122
68 , 80
69 , 179
70 , 72
71 , 35
72 , 62
73 , 28
74 , 48
75 , 0
76 , 20
77 , 629
78 , 47
79 , 188
80 , 148
81 , 309
82 , 23
83 , 1
84 , 0
85 , 59
86 , 41
87 , 91
88 , 4
89 , 0
90 , 139
91 , 67
92 , 3
93 , 244
94 , 1
95 , 1
96 , 3
97 , 66
98 , 0
99 , 6
100 , 161
101 , 140
102 , 2
103 , 2
104 , 64
105 , 161
106 , 0
107 , 2
108 , 0
109 , 3
110 , 0
111 , 0
112 , 96
113 , 0
114 , 47
115 , 39
116 , 160
117 , 1
118 , 118
119 , 42
120 , 2
121 , 27
122 , 132
123 , 0
124 , 32
125 , 168
126 , 0
127 , 69
128 , 80
129 , 1
130 , 206
131 , 106
132 , 1
133 , 24
134 , 113
135 , 0
136 , 27
137 , 0
138 , 56
139 , 136
140 , 0
141 , 2
142 , 66
143 , 0
144 , 170
145 , 2
146 , 142
147 , 89
148 , 9
149 , 226
150 , 7
151 , 116
152 , 122
153 , 6
154 , 8
155 , 3
156 , 150
157 , 91
158 , 1
159 , 143
160 , 13
161 , 200
162 , 8
163 , 61
164 , 84
165 , 11
166 , 111
167 , 3
168 , 129
169 , 23
170 , 84
171 , 5
172 , 14
173 , 162
174 , 5
175 , 162
176 , 12
177 , 16
178 , 3
179 , 65
180 , 0
181 , 147
182 , 14
183 , 143
184 , 109
185 , 7
186 , 258
187 , 8
188 , 246
189 , 9
190 , 183
191 , 12
192 , 137
193 , 9
194 , 7
195 , 13
196 , 113
197 , 4
198 , 40
199 , 12
200 , 35
201 , 0
202 , 203
203 , 8
204 , 74
205 , 10
206 , 79
207 , 5
208 , 35
209 , 9
210 , 156
211 , 3
212 , 102
213 , 0
214 , 21
215 , 3
216 , 112
217 , 0
218 , 239
219 , 11
220 , 332
221 , 1
222 , 191
223 , 11
224 , 102
225 , 4
226 , 42
227 , 0
228 , 18
229 , 106
230 , 1
231 , 223
232 , 4
233 , 104
234 , 0
235 , 401
236 , 14
237 , 138
238 , 26
239 , 134
240 , 1
241 , 22
242 , 109
243 , 14
244 , 895
245 , 7
246 , 5297
247 , 20
248 , 5347
249 , 20
250 , 3618
251 , 10
252 , 283
253 , 5633
254 , 9
255 , 432447
0 , 888610
1 , 6460
2 , 2864
3 , 2086
4 , 2131
5 , 1235
6 , 1042
7 , 972
8 , 905
9 , 1610
10 , 1170
11 , 238
12 , 612
13 , 998
14 , 964
15 , 617
16 , 444
17 , 698
18 , 478
19 , 255
20 , 78
21 , 79
22 , 585
23 , 305
24 , 815
25 , 434
26 , 24
27 , 743
28 , 36
29 , 492
30 , 290
31 , 151
32 , 175
33 , 240
34 , 1055
35 , 686
36 , 142
37 , 434
38 , 208
39 , 149
40 , 181
41 , 414
42 , 379
43 , 326
44 , 294
45 , 136
46 , 110
47 , 358
48 , 171
49 , 74
50 , 1207
51 , 109
52 , 39
53 , 22
54 , 18
55 , 10
56 , 18
57 , 20
58 , 50
59 , 44
60 , 1212
61 , 97
62 , 210
63 , 313
64 , 87
65 , 9
66 , 125
67 , 323
68 , 304
69 , 409
70 , 270
71 , 121
72 , 184
73 , 150
74 , 223
75 , 0
76 , 79
77 , 1278
78 , 149
79 , 373
80 , 397
81 , 1008
82 , 236
83 , 1
84 , 27
85 , 150
86 , 154
87 , 195
88 , 75
89 , 0
90 , 331
91 , 135
92 , 35
93 , 652
94 , 1
95 , 30
96 , 29
97 , 166
98 , 0
99 , 266
100 , 366
101 , 449
102 , 2
103 , 27
104 , 261
105 , 362
106 , 1
107 , 221
108 , 58
109 , 78
110 , 0
111 , 4
112 , 196
113 , 0
114 , 103
115 , 90
116 , 367
117 , 2
118 , 278
119 , 216
120 , 3
121 , 282
122 , 231
123 , 0
124 , 196
125 , 399
126 , 1
127 , 176
128 , 197
129 , 1
130 , 526
131 , 326
132 , 1
133 , 272
134 , 351
135 , 0
136 , 78
137 , 1
138 , 182
139 , 363
140 , 0
141 , 50
142 , 191
143 , 0
144 , 349
145 , 3
146 , 402
147 , 486
148 , 20
149 , 1053
150 , 17
151 , 373
152 , 284
153 , 8
154 , 108
155 , 20
156 , 265
157 , 320
158 , 26
159 , 273
160 , 23
161 , 441
162 , 18
163 , 271
164 , 278
165 , 29
166 , 261
167 , 13
168 , 491
169 , 43
170 , 240
171 , 74
172 , 35
173 , 451
174 , 15
175 , 382
176 , 29
177 , 201
178 , 8
179 , 193
180 , 8
181 , 301
182 , 21
183 , 260
184 , 274
185 , 15
186 , 483
187 , 11
188 , 710
189 , 14
190 , 449
191 , 23
192 , 340
193 , 28
194 , 162
195 , 27
196 , 392
197 , 4
198 , 154
199 , 21
200 , 364
201 , 0
202 , 515
203 , 14
204 , 272
205 , 28
206 , 243
207 , 7
208 , 136
209 , 25
210 , 515
211 , 9
212 , 296
213 , 3
214 , 149
215 , 18
216 , 451
217 , 2
218 , 649
219 , 26
220 , 842
221 , 4
222 , 551
223 , 34
224 , 509
225 , 15
226 , 388
227 , 2
228 , 26
229 , 272
230 , 1
231 , 778
232 , 14
233 , 343
234 , 2
235 , 1288
236 , 23
237 , 528
238 , 60
239 , 468
240 , 1
241 , 38
242 , 502
243 , 31
244 , 2105
245 , 9
246 , 16233
247 , 36
248 , 15237
249 , 36
250 , 11639
251 , 17
252 , 584
253 , 17466
254 , 56
255 , 823989
0 , 1341181
1 , 8537
2 , 3766
3 , 2720
4 , 2939
5 , 1615
6 , 1311
7 , 1309
8 , 1271
9 , 1996
10 , 1574
11 , 360
12 , 846
13 , 1403
14 , 1357
15 , 878
16 , 577
17 , 871
18 , 664
19 , 396
20 , 78
21 , 79
22 , 736
23 , 381
24 , 1127
25 , 512
26 , 24
27 , 992
28 , 38
29 , 693
30 , 388
31 , 194
32 , 221
33 , 256
34 , 1352
35 , 999
36 , 192
37 , 627
38 , 275
39 , 172
40 , 241
41 , 523
42 , 545
43 , 402
44 , 404
45 , 163
46 , 116
47 , 469
48 , 246
49 , 76
50 , 1636
51 , 113
52 , 39
53 , 22
54 , 18
55 , 10
56 , 21
57 , 21
58 , 51
59 , 46
60 , 1644
61 , 97
62 , 285
63 , 407
64 , 95
65 , 12
66 , 156
67 , 442
68 , 381
69 , 565
70 , 333
71 , 162
72 , 254
73 , 181
74 , 270
75 , 0
76 , 95
77 , 1946
78 , 200
79 , 522
80 , 543
81 , 1373
82 , 255
83 , 1
84 , 27
85 , 207
86 , 201
87 , 271
88 , 77
89 , 1
90 , 477
91 , 184
92 , 37
93 , 896
94 , 1
95 , 32
96 , 29
97 , 229
98 , 0
99 , 274
100 , 540
101 , 610
102 , 3
103 , 27
104 , 319
105 , 522
106 , 1
107 , 233
108 , 58
109 , 78
110 , 0
111 , 4
112 , 302
113 , 0
114 , 148
115 , 131
116 , 519
117 , 2
118 , 396
119 , 256
120 , 3
121 , 298
122 , 349
123 , 1
124 , 231
125 , 551
126 , 2
127 , 231
128 , 271
129 , 2
130 , 707
131 , 423
132 , 1
133 , 300
134 , 463
135 , 0
136 , 87
137 , 1
138 , 222
139 , 451
140 , 1
141 , 52
142 , 244
143 , 0
144 , 494
145 , 3
146 , 524
147 , 585
148 , 23
149 , 1724
150 , 21
151 , 455
152 , 381
153 , 15
154 , 112
155 , 31
156 , 377
157 , 417
158 , 28
159 , 387
160 , 29
161 , 620
162 , 25
163 , 311
164 , 359
165 , 50
166 , 318
167 , 18
168 , 611
169 , 51
170 , 315
171 , 75
172 , 51
173 , 640
174 , 20
175 , 502
176 , 38
177 , 228
178 , 25
179 , 262
180 , 8
181 , 388
182 , 44
183 , 359
184 , 386
185 , 27
186 , 696
187 , 25
188 , 939
189 , 25
190 , 639
191 , 30
192 , 460
193 , 40
194 , 168
195 , 33
196 , 512
197 , 4
198 , 241
199 , 29
200 , 387
201 , 4
202 , 758
203 , 27
204 , 342
205 , 37
206 , 389
207 , 10
208 , 170
209 , 30
210 , 720
211 , 24
212 , 414
213 , 4
214 , 173
215 , 29
216 , 561
217 , 2
218 , 889
219 , 47
220 , 1259
221 , 5
222 , 726
223 , 47
224 , 638
225 , 21
226 , 500
227 , 3
228 , 44
229 , 368
230 , 1
231 , 1086
232 , 31
233 , 432
234 , 2
235 , 1857
236 , 33
237 , 670
238 , 77
239 , 574
240 , 5
241 , 58
242 , 591
243 , 38
244 , 3010
245 , 19
246 , 20980
247 , 56
248 , 21027
249 , 77
250 , 15488
251 , 22
252 , 868
253 , 22524
254 , 60
255 , 1253160
0 , 1782996
1 , 13244
2 , 5668
3 , 4360
4 , 4338
5 , 2580
6 , 2048
7 , 1990
8 , 1886
9 , 4136
10 , 2443
11 , 540
12 , 1238
13 , 2102
14 , 1761
15 , 1242
16 , 848
17 , 1516
18 , 936
19 , 556
20 , 131
21 , 143
22 , 1179
23 , 639
24 , 1621
25 , 896
26 , 43
27 , 1479
28 , 71
29 , 1009
30 , 646
31 , 305
32 , 352
33 , 469
34 , 2124
35 , 1427
36 , 313
37 , 890
38 , 455
39 , 279
40 , 344
41 , 831
42 , 786
43 , 659
44 , 635
45 , 280
46 , 194
47 , 726
48 , 355
49 , 184
50 , 2455
51 , 236
52 , 69
53 , 44
54 , 39
55 , 37
56 , 36
57 , 59
58 , 101
59 , 112
60 , 2385
61 , 204
62 , 385
63 , 637
64 , 188
65 , 22
66 , 260
67 , 653
68 , 621
69 , 763
70 , 563
71 , 252
72 , 348
73 , 321
74 , 460
75 , 0
76 , 141
77 , 2634
78 , 328
79 , 700
80 , 794
81 , 2160
82 , 486
83 , 2
84 , 60
85 , 311
86 , 321
87 , 390
88 , 160
89 , 1
90 , 703
91 , 249
92 , 72
93 , 1354
94 , 3
95 , 65
96 , 59
97 , 340
98 , 0
99 , 558
100 , 733
101 , 910
102 , 4
103 , 51
104 , 533
105 , 730
106 , 1
107 , 486
108 , 138
109 , 145
110 , 0
111 , 8
112 , 396
113 , 0
114 , 214
115 , 197
116 , 693
117 , 2
118 , 568
119 , 424
120 , 3
121 , 587
122 , 471
123 , 1
124 , 387
125 , 763
126 , 2
127 , 360
128 , 388
129 , 2
130 , 981
131 , 671
132 , 1
133 , 562
134 , 737
135 , 0
136 , 157
137 , 1
138 , 341
139 , 674
140 , 1
141 , 116
142 , 358
143 , 0
144 , 690
145 , 5
146 , 793
147 , 1018
148 , 28
149 , 3026
150 , 26
151 , 741
152 , 536
153 , 22
154 , 232
155 , 51
156 , 505
157 , 649
158 , 46
159 , 541
160 , 42
161 , 848
162 , 35
163 , 557
164 , 577
165 , 58
166 , 487
167 , 29
168 , 930
169 , 70
170 , 510
171 , 212
172 , 59
173 , 966
174 , 30
175 , 781
176 , 49
177 , 475
178 , 37
179 , 406
180 , 8
181 , 608
182 , 53
183 , 525
184 , 533
185 , 42
186 , 1078
187 , 29
188 , 1434
189 , 34
190 , 928
191 , 40
192 , 668
193 , 51
194 , 350
195 , 46
196 , 738
197 , 4
198 , 347
199 , 51
200 , 727
201 , 9
202 , 1056
203 , 33
204 , 512
205 , 43
206 , 554
207 , 23
208 , 266
209 , 45
210 , 1123
211 , 26
212 , 580
213 , 4
214 , 324
215 , 36
216 , 895
217 , 3
218 , 1346
219 , 70
220 , 1724
221 , 5
222 , 1141
223 , 57
224 , 1077
225 , 31
226 , 887
227 , 5
228 , 56
229 , 555
230 , 1
231 , 1584
232 , 36
233 , 696
234 , 4
235 , 2511
236 , 56
237 , 1072
238 , 111
239 , 891
240 , 6
241 , 78
242 , 1045
243 , 45
244 , 4275
245 , 27
246 , 32650
247 , 82
248 , 31813
249 , 103
250 , 23464
251 , 29
252 , 1171
253 , 34586
254 , 103
255 , 1649691
